google.com -1 1.5 -1 1.5 -2.5 -17.5 -2 -1 -1 1.5 1 -1 -1 1 -1 5.5 -1
facebook.com 1 1 -1 -3.5 -2 -17.5 -2 -1 -1 1 -2.5 2.5 -1 1 2 6 -2.5
youtube.com 1.5 1 -1 -3.5 -2.5 -17.5 -2 -1 -1 1 -1.5 1.5 -1 1 2 6.5 -4.5
yahoo.com -1 -1 -1 1.5 -2.5 15.5 -2.5 -1 1 -2 -2 2 -1.5 1.5 2.5 5.5 -2.5
baidu.com -1 26 -14 -21.5 -29.5 0 3.5 -3.5 16.5 -13.5 -1 1 -5.5 6 -20.5 17.5 32.5
wikipedia.org 5 2.5 -1.5 -5 -4 -18.5 -11.5 -6 -2 4 -1 -1 -6 4 -1.5 6.5 1
live.com 8 4.5 -3.5 -7.5 -11 -16.5 -1 -2 -3 4.5 -1 1 -2.5 2.5 3.5 6 -4
twitter.com 3 2 -1 -6.5 -6 -19.5 -10.5 -2.5 1 3.5 -3 3.5 -3.5 3.5 -3 9 2.5
qq.com -1 26.5 -16 -27 -27.5 0 6 1.5 20.5 -18.5 -2.5 2.5 -4.5 5 -22.5 16 39.5
amazon.com -3.5 -1 1 1.5 4.5 3.5 -4.5 4 3.5 -4.5 -5.5 6 -2.5 3 4.5 -18 -3
blogspot.com 5.5 -1 -1 -2.5 -11 -17 -10 -1 1.5 1.5 -11.5 15 2.5 -2.5 18 6.5 -14
linkedin.com -14.5 3.5 6.5 3 -2 -22.5 -19.5 -10.5 -1.5 15 -3.5 4 -5 3 -14.5 -19 22.5
google.co.in 29.5 2.5 -20 -21 -27.5 0 -14 -5.5 -13 27 32.5 -20 -13 17.5 -3.5 -12.5 5.5
taobao.com -1 28.5 -17 -20 -28 0 4.5 -1 21 -17.5 -8 9.5 -5.5 6 -20.5 15.5 32.5
yahoo.co.jp -26.5 -6 36.5 31 7.5 15 33 -16.5 6.5 -7 8.5 -7.5 -8.5 10.5 -17.5 -6.5 29
sina.com.cn -5 27.5 -13 -18.5 -26.5 0 8 -6.5 21.5 -16.5 -6 6.5 -7.5 6 -22.5 16 38.5
msn.com 3.5 -1 -1.5 -1 5.5 -19 -2 4 -1 -1 -7 8 -3 1 1 8.5 -1.5
wordpress.com 4 1 -1 -2 -6.5 -20 -13 3.5 -1 2 -7.5 8.5 -4 4.5 7.5 -22 -5
google.com.hk -2.5 32.5 -14.5 -28.5 -29.5 0 1.5 -5 19.5 -14.5 4.5 -4.5 -9 11 -23 15 41
google.de -19 -3 15.5 15.5 -2.5 -18 -2 -8.5 -6.5 13.5 6 -5.5 -7 8.5 -9 -21 13
ebay.com -2.5 -1 -1 1 3 2 3.5 15.5 2.5 -11.5 -2.5 2.5 -1 1 10 -17 -7.5
google.co.jp -24 -4 29.5 26.5 3.5 10.5 32 -17.5 2.5 -2.5 15 -14.5 -7.5 8.5 -18.5 -6 31
google.co.uk -2.5 1 3 1 -5.5 1 4.5 -11.5 -12.5 23.5 6.5 -6 -6 6.5 -3 -17.5 4.5
google.fr -3 7.5 6 -7.5 -16 -21.5 -14.5 -30 -28 49 6 -5.5 -4 4 -6.5 3 7
googleusercontent.com -1 9 -1 -8 -12 -18 -10 -4.5 -2 7.5 1 -1 -5.5 3.5 -5 8.5 4.5
163.com -5 32 -16.5 -27 -27.5 0 5.5 1 23 -19.5 2 -2 -5.5 6 -24.5 15 46
bing.com -7 -5 2 9 14 12 -3 8 -1.5 -4.5 -1.5 1.5 1.5 -1.5 3.5 8.5 -4
microsoft.com 1 -1 -1 1 -3 15 -2 1 -2 2.5 6.5 -6 -1 1 -3.5 6.5 3
google.com.br 10.5 15.5 -3 -14.5 -27 0 -27 -26.5 -21 49 28 -18 -6 7 -6.5 -18 9
paypal.com -11 -1 3.5 6.5 5.5 4 -4.5 5.5 -1 -1.5 -1 1 1.5 -1.5 10 -19 -9
apple.com 1 5.5 2.5 -7.5 -8 -21 -10.5 -4 2 3.5 3.5 -3 -6 4.5 -6 -19.5 8.5
tumblr.com 33 8 -9.5 -17.5 -26.5 -22 -12 1.5 8 -5 -11 13.5 -14 19.5 1.5 13.5 -2.5
google.it -17 9 15.5 -3 -20 -23.5 -8 -14.5 -8.5 24.5 20 -14.5 -12.5 13.5 -9 -15 9.5
pinterest.com 2.5 24 -1.5 -18 -23 -26 -19 1 13.5 -9.5 -32.5 49 1 -1 -1 -12 1.5
blogger.com 5 1 -1 -3 -2 -17 -11 -1 -1 4 -11.5 14.5 2 -2 19 4.5 -14.5
imdb.com 24 8.5 -8.5 -17 -17.5 -21.5 -3.5 2 4.5 -4.5 1.5 -1.5 -15 22 10 11 -9
babylon.com 12 -7.5 -4 2 1.5 -8 8 -5.5 -2.5 1 -1 1 4 -3.5 15 22.5 -13.5
craigslist.org -4.5 3 -1 3 -4 -4.5 1.5 26 11 -22 -11 14 -4 4 5 -12.5 -6
sohu.com -5 28 -13 -27 -27.5 0 6 1.5 20.5 -18.5 -2 2 -4.5 5 -24 15.5 43.5
flickr.com 7.5 7.5 -3 -7.5 -16.5 -20.5 -11 -4.5 1.5 2 -5 6 -8 10 -2.5 10.5 2
go.com 15 9.5 -9 -17 -21.5 -16.5 -3 3.5 1 -1.5 27 -17.5 -10.5 10.5 -3 4 3
bbc.co.uk 1.5 1 -1.5 -1 -1.5 6 -11 -6 -5 13 7.5 -6.5 -8 9.5 -3 -19.5 2
ask.com -6.5 -13 1 16.5 30.5 40 4.5 10 -2.5 -6.5 -8.5 10.5 5.5 -5 14 8.5 -11.5
google.com.mx 15.5 4 -4.5 -10.5 -17.5 -7 -16 -18 -7 22.5 6 -5.5 -9 8.5 -9 15.5 9.5
google.ca -4.5 -3 1 4.5 1.5 1 5 -1 7 -7.5 -2.5 3 -3.5 3.5 9 -16 -9
zedo.com 22.5 2 -10 -10 -6 -19.5 -5.5 7.5 4 -6.5 3.5 -3.5 -10 12.5 12 7 -10.5
mediafire.com 49 -1.5 -19 -25 -37 0 12 1 7 -10 25 -16.5 -7.5 8.5 28 17.5 -20
cnn.com -5.5 1 2.5 -1 2.5 1.5 -12.5 2.5 7.5 -5 1 -1 -4.5 5 -4.5 -16.5 6.5
espn.go.com 4.5 7 -1.5 -6 -8 -25.5 -14 3.5 19.5 -13.5 32.5 -20 -5.5 6 -6 19.5 5.5
imgur.com 49 12 -17.5 -26.5 -28 -24 -2.5 8 9.5 -11.5 14 -11 -18.5 29.5 4 18.5 -4.5
google.co.id 3 1 6.5 -18 -24 0 11.5 6 8.5 -12.5 30.5 -22 30 -19 21.5 5.5 -16
adobe.com -1.5 -2 1.5 -1 5 12.5 -2.5 -1 -1 1 1 -1 -1 1 -1 7.5 -1
thepiratebay.se 49 13 -17.5 -30.5 -31.5 0 -5 5 1 -2 49 -28 -19 30.5 34.5 4.5 -21
aol.com -2.5 -5 -5 10 20 2 -7 15 7 -12 -9 11 -5 5.5 3 -17.5 -2
ebay.de -21.5 -3 20.5 13.5 -4 -19 -3 -4 -6 10 11.5 -9.5 -3 3 -4 -21 6.5
alibaba.com -6.5 8 -1 1 -8 -14 -1 -1 -1 1 1 -4.5 1 -1 -9 2 11
about.com 3.5 2.5 -4.5 -1.5 -2.5 5 -13 4.5 4 -2.5 -10.5 13.5 -7 8 4.5 -19.5 -3
hao123.com 8 28 -20 -34 -26 0 16 2.5 26 -27.5 -6.5 3 1 -1 -23 20.5 40
rakuten.co.jp -28.5 -4.5 37 32.5 -11 0 35 -16.5 7.5 -8 4.5 -4 -7 8.5 -19.5 -28.5 34.5
wordpress.org 1 5.5 -1 -3.5 -8 -21 -5.5 3 -1 -1 12 -10 -3 3.5 10 -21.5 -7
google.com.au -9.5 -4.5 3.5 9.5 10.5 2 26.5 -4.5 -10 5 -4.5 5 -1 1 4 -16 -2.5
blogspot.in 49 -7 -28 -26.5 -25 0 -12 1 -12 20 36.5 -21.5 -19 30.5 6 -10 -4.5
dailymotion.com 22.5 1.5 -7 -10.5 -19.5 -15.5 -2 -5.5 -6.5 11.5 17 -12.5 -7.5 8.5 13 4 -13
godaddy.com -9 3 1.5 4 -1.5 6 -4.5 9 2 -5.5 16.5 -12.5 -1 1 2 -19.5 -1
avg.com -13.5 -12 3 21 30 39.5 4.5 13.5 -3 -5.5 -3 3.5 3 -3 22 -21 -16
ebay.co.uk -4 1 5 -1 -7 -1 13 -4.5 -10 11 10.5 -8.5 -3.5 4 6.5 -16 -5
4shared.com 44 -2 -14.5 -22 -35 0 7 1 6 -8 5.5 -5 -1.5 1.5 26 16 -19
amazon.de -21 -2.5 20 12.5 -5 -19.5 -3 -10 -9 19 4.5 -4 -10 9 -8 -20.5 11.5
stackoverflow.com 8.5 25 -8 -23 -32.5 -18.5 -11.5 -7.5 -2.5 11 49 -30 -12 15.5 -12 -22 18
huffingtonpost.com -1 -1 -2 1.5 6.5 -2 -14 3.5 10 -7 -14 16 -9 11 -3 -14.5 4
cnet.com 3 -1 -1 -4 -1 7.5 -5 1 3.5 -2.5 21 -14.5 -7 8 -1 -20 2.5
netflix.com 1 1 -1 -4 -3 -3.5 -6 18 9 -17.5 -11 14 -2 2 19 -12 -13.5
globo.com 12 21.5 -6.5 -15 -27 0 -34 -29.5 -21.5 49 27 -17.5 -10 12.5 -8.5 -17 12
nytimes.com -4 -1 -3.5 3 9 -1 -20 -6 5 4.5 -6.5 8 -12 12.5 -7 -14.5 9.5
weather.com -7 1 -2.5 3.5 4 -3.5 -11.5 7.5 11.5 -11 -14.5 21 -3 3 -1 -11 1
amazon.co.uk -4 1 5 -5 -6.5 -1 -2.5 -11.5 -9.5 21 4 -3.5 -6.5 7.5 1.5 -15.5 -1
livejournal.com 19 11 -10.5 -15.5 -15.5 -20 -8.5 -3.5 2.5 1.5 -8.5 10.5 -5.5 6 13 -20 -11.5
badoo.com -7.5 2 4.5 2 -10 -15.5 2.5 -7.5 -9.5 15 37 -21.5 -3.5 3.5 6.5 4.5 -6.5
google.com.ar 13 8.5 -7 -12 -10.5 -12.5 -28.5 -22.5 -7 32 16 -12 -1.5 1.5 6.5 -17 -7
vimeo.com 8 9.5 -4.5 -10 -10.5 -22.5 -10.5 -5 1.5 5 4.5 -4.5 -12 15.5 -3.5 -18 5.5
addthis.com -7 -3.5 6.5 8.5 4 -20 -9 -1 -2 2 -8 9.5 3.5 -3 1.5 -20 -1
reddit.com 29 10 -10.5 -15.5 -21 -24.5 -4.5 10.5 7 -11 15 -11.5 -12.5 17 4.5 17.5 -5.5
bankofamerica.com -13 1 -1.5 5.5 14 22.5 -15 10 14 -13 -15 18 -7.5 8.5 1.5 -14 -1
torrentz.eu 49 7 -20.5 -28 -28.5 0 -5 -1 -2 3.5 49 -29 -19 30.5 36 -1 -21.5
dailymail.co.uk 3.5 1 -1 -1 -7 -1 -4.5 1.5 1.5 -1 -7 8 -10 12.5 -2.5 -15.5 1
mywebsearch.com 1 -17.5 -3 19.5 49 49 9 20.5 -4 -8.5 -14 20 7.5 -6.5 31 -2 -19.5
deviantart.com 46.5 7.5 -15.5 -23 -32.5 -19 5.5 6 2.5 -7 9 -7.5 -14 19 9.5 7 -8.5
yieldmanager.com 25 -1.5 -9.5 -11 -13.5 -8.5 1 -2 1 1 5.5 -5 -4 4 19 -1 -14
aweber.com -20.5 -16.5 2.5 28 46.5 49 2 20.5 -3 -8.5 -7 5 3 -2.5 37.5 -19 -21
ehow.com 2 1.5 -4.5 -1.5 5.5 4.5 -5.5 7 3 -7.5 -10 13 -5.5 4 10 -19 -7.5
warriorforum.com -13 -9.5 -1 17.5 34 33.5 -1 19.5 -3 -9 23.5 -16 -2 2 37 -21 -20.5
google.cn 1 36.5 -20.5 -35 0 0 2 -3 27 -19.5 8.5 -7 -11.5 11.5 -27 13.5 49
goo.ne.jp -29 -12 47.5 49 19.5 0 47.5 -20 6 -11 7.5 -10 -8.5 10 -22 -8.5 42
indiatimes.com 9.5 5 -11.5 -9.5 -5 1.5 -21 -10 -14.5 36.5 19 -16.5 -12.5 17 -8 -8 10.5
filestube.com 32.5 2.5 -10.5 -19 -28.5 -13 -4.5 1.5 -1 1 46 -24 -10.5 13 25 -1 -17
stumbleupon.com 15 4 -5 -6.5 -12 -23.5 -11 8.5 4 -5.5 -13.5 18.5 -7 5.5 10.5 -17 -7.5
chase.com -18.5 -1 -1 7.5 19 20 -14 9.5 17.5 -17 -16 24 -5 5.5 4.5 -12 -3.5
sourceforge.net 10 8 -4.5 -13.5 -13 -18 -4 -2.5 -4 7 49 -28 -6.5 7.5 1.5 5.5 -2
clicksor.com 34.5 -1.5 -14.5 -22 -19.5 0 4 -1 1 -2 29 -18.5 -2.5 2.5 25 13 -20
pconline.com.cn 2.5 34.5 -22 -34 0 0 4 -1 30.5 -23 17 -16 -9 11 -24.5 14 45.5
google.co.za -19 5 4.5 3.5 1 -2.5 -1 4.5 -12 12 -3.5 4 2.5 -2.5 -16.5 -22 27.5
photobucket.com 32 2 -10.5 -15 -15 -19.5 4.5 13 4 -11.5 -2.5 2.5 -7 5.5 18.5 8 -14.5
myspace.com 14 4.5 -4 -9.5 -10 -22.5 -5 11 1.5 -6 1.5 -1.5 -12 16 6 12 -6.5
etsy.com -1 19 -5 -15 -17 -27 -10 9 15 -14.5 -35.5 49 -1 1 10 -11 -8
rapidshare.com 37.5 3.5 -14.5 -26 -37.5 0 6.5 -2.5 -1 -1 48 -24.5 -6.5 7.5 24 20.5 -18.5
skype.com -1.5 -1 -1.5 -1 -4 -18.5 -10.5 -4.5 -2.5 9 1.5 -4.5 -4 2 2 -21.5 -1
answers.com 18 -2 -6 -4.5 -1 -22 -5.5 8 2 -5 -9 10.5 -6.5 8 10 11 -9
foxnews.com -7 -9 -1 11.5 18.5 18.5 -2.5 11.5 10 -14 -2.5 2.5 -1.5 1.5 1 -9 -1
statcounter.com -7 1.5 1 -1 7.5 6.5 -4 10 -5.5 1 -1.5 1.5 4 -3.5 19.5 -19.5 -15
spiegel.de -16 -3 12 9 -1 6.5 -12.5 -14 -9 26.5 15 -11.5 -14 19.5 -13 -18.5 16
fiverr.com -2.5 -3 1.5 7.5 -2.5 4 -2 18.5 -1 -9 14.5 -11 -2 2 40 -20.5 -21.5
dropbox.com 7 10.5 1 -14 -18.5 -22.5 -18.5 -9.5 2 9.5 5 -4.5 -10 12 -13.5 -17.5 17.5
espncricinfo.com 20.5 9 -21 -23 -30 0 -21 -11.5 -21 49 49 -36 -18 28.5 -5.5 -11 8
wikimedia.org 27 3 -11 -10.5 -15 -20 -8 -5 -1.5 7 30 -18.5 -13 14 4 12.5 -5
google.com.my 1 -1 1.5 4 -3 0 -6 -1 -1.5 3.5 -10 9 2.5 -2 24.5 6.5 -17.5
wikia.com 49 2.5 -14.5 -21.5 -26 -21.5 6 6.5 3 -8 12 -12 -12 16 19 14 -14.5
digg.com 9.5 3 -5 -5.5 -15 -19.5 -5.5 3.5 -1 -2 14.5 -14 -7 8.5 10 -22.5 -9
reference.com 9 2 -4 -2 -3.5 -23.5 -14.5 2 5.5 -7 -15.5 22.5 -9.5 11.5 -2.5 12.5 1.5
mozilla.org -4 -1.5 1 3.5 4 12 -4 1.5 -3 1 5.5 -5 -3.5 1.5 1 -21.5 -1
wellsfargo.com -14.5 -5.5 -1 10.5 24.5 18 -15 20.5 15 -18.5 -12.5 16.5 -2 2 2.5 -12 -1.5
56.com 11 18 -18.5 -26 -26 0 17.5 -1 18.5 -19 3.5 -3.5 -9.5 11.5 -15 45 15
ucoz.ru 15 1 -9.5 -3.5 -5 -12.5 -2 -12.5 -2.5 11 14 -11 16.5 -12.5 30.5 -24.5 -18
booking.com -18 8 9 2 -6.5 -20 -17 -17.5 -7.5 25 -7 8 -4.5 5 -12 -19.5 14.5
download.com 9.5 -5 -5.5 -1.5 11 19 3.5 8 -1.5 -3.5 25 -16.5 -4 4 11.5 2.5 -10
doubleclick.com -6.5 -9.5 3 12.5 15.5 23 9.5 2.5 -1 -3 -9.5 11.5 10.5 -8.5 3.5 3.5 -6
guardian.co.uk 5.5 3 -3 -4 -6 1 -12 -9 -2.5 13 3.5 -3.5 -13.5 16 -5 -16.5 7
optmd.com -5.5 -6.5 -1.5 9.5 13.5 -2.5 -5 12 8.5 -12.5 -15.5 23 -1 1 4 -13.5 -5.5
yelp.com -6 5 -1.5 1.5 -1.5 -2 -20.5 4 20 -15 -19.5 29 -14 16.5 -10 -13.5 11
comcast.net -11.5 -13 -2.5 20 33.5 18.5 -9 24.5 9 -18 -12.5 16.5 -1 1 12.5 -13 -11.5
outbrain.com -4.5 -5.5 2 7.5 8.5 -1 -13.5 4.5 6.5 -5 -7 8 -5 5.5 -2.5 -15.5 1.5
imageshack.us 49 4.5 -16.5 -25 -30 0 7.5 3 1 -4.5 30.5 -19 -11.5 11.5 20 3.5 -16.5
walmart.com -8.5 -1.5 1 4.5 4.5 -3.5 1 35.5 6.5 -22 -22 39 13 -10.5 23 -13.5 -15.5
slideshare.net -1 7 -1 -5 -13 -17.5 -19 -18.5 -5 25.5 1.5 -1.5 -6.5 7.5 -14 5.5 19.5
rediff.com 15 7.5 -15 -22 -7.5 0 -21 -6 -16 37 33.5 -20 -11 14 -5.5 -11.5 8
w3schools.com 16.5 17 -11 -19.5 -24 -19.5 -12.5 -4.5 1 6 44.5 -23.5 -12.5 17 -7 -22 10
taringa.net 30.5 7.5 -7 -20 -30 0 -15.5 -22 -10 27 33 -20 -6 7 7 -16.5 -7
bild.de -18 -1 18 4 -13.5 -19 -3 -9.5 -9 18.5 11.5 -12.5 -13 17.5 -11.5 -21 18
google.be -3 3.5 2 -1 -2 -23 -12.5 -20 -16 47 33.5 -20 -1 1 3.5 13.5 -4
domaintools.com -1 5.5 -1 -3.5 -12.5 -17.5 -3.5 -1 -2.5 4.5 41 -22.5 -2 2 -3 4 3
hootsuite.com -13 11.5 9.5 -1.5 -22 -25 -27 -9.5 9.5 2.5 -24 46 -3 1 -14.5 -14 19
google.com.vn 34 11.5 -24.5 -36.5 -29.5 0 25 8.5 10 -19 20 -14.5 15 -11.5 -12.5 33.5 12.5
squidoo.com 5.5 -1 -3 -3.5 1 -21.5 -5.5 10 1 -7 -11 14 -3 3 16 -20.5 -11
xinhuanet.com -5.5 23.5 -10 -18.5 -16.5 6.5 2 -8 14.5 -9.5 3 -2.5 -7 8 -24 18.5 42.5
isohunt.com 42 11.5 -14.5 -26 -31.5 0 -5.5 1 1.5 -1 49 -25 -16.5 24 40 3 -23
hulu.com 23 10.5 -9.5 -10.5 -16.5 -26.5 -6.5 18.5 16.5 -20.5 -11.5 14.5 -12.5 17 12.5 23.5 -11.5
yesky.com 3.5 34 -23 -34.5 0 0 1.5 -2.5 26.5 -22 24 -19.5 -10.5 13 -25.5 12.5 49
archive.org 2 -4 -1.5 4 4 11.5 -3 2.5 -3.5 1 12.5 -12.5 -1 1 5.5 7 -5.5
hostgator.com -3 -4 -1 6.5 11.5 10 1.5 15 -3 -5.5 21 -14.5 -1 -1 32 -22 -20.5
php.net 13 27 -9.5 -26 -31.5 0 -10.5 -5.5 -4.5 12 49 -36.5 -10.5 13 -10 -22.5 12.5
salesforce.com -15 13 5 -4.5 -14 -24.5 -19 -12 8.5 2.5 -4.5 5 -1 -1 -28.5 -15.5 49
wsj.com -5.5 -2 -1 4.5 10.5 2 -18.5 -8.5 5 5.5 3 -3 -10 9.5 -13.5 -15 17.5
it168.com -4 44 -19.5 -34 0 0 12.5 -3 28.5 -22.5 31.5 -22.5 -8.5 10 -26.5 13.5 49
scribd.com 13.5 -1 -3 -6 -9 -14.5 -10 -8.5 -2.5 11 3 -2.5 -4.5 5 4.5 3.5 -4.5
google.at -14.5 -2 18 3.5 -4.5 -19.5 -2.5 -1 -9.5 12.5 11 -9 -7.5 9 -5 -20.5 7.5
wordreference.com 14 20 -10 -17.5 -25 -19.5 -23.5 -22 -8 34.5 -7.5 9 -19 30.5 -9 16.5 10
tripadvisor.com -11.5 3.5 1 3 6 5 -11.5 -7 4.5 3 -17.5 27 -8 9 -7 -18.5 9.5
y8.com 27.5 -6.5 -4 -13 -23 -4.5 4.5 4 -1 -2.5 11.5 -9.5 9 -8 39 -5 -24
web.de -16 -7 12 21 -1.5 -17.5 6 -2 -7.5 8 -6.5 4 -8.5 10.5 -7 -21.5 10.5
mashable.com 6 13.5 -2 -14 -19 -23 -19.5 -7 7 3.5 -5.5 3 -12 16 -13 -18.5 16.5
clickbank.com -20.5 -16.5 1 30.5 49 49 8 29 -4 -13 18.5 -13.5 1.5 -1.5 49 -19.5 -31
reuters.com -7.5 -2.5 1.5 3.5 6 5 -11 -7 2 5.5 12 -9.5 -8 9.5 -9 -18 12.5
orange.fr -7 1 10 -1.5 -2 -23.5 -20.5 -30 -29 49 7.5 -6.5 2 -2 -4.5 10 4
uploaded.to 49 3.5 -15 -27 -38.5 0 5.5 -7 -2.5 4.5 49 -30.5 -10 12 34.5 22.5 -22.5
csdn.net 1 48.5 -23.5 -42.5 0 0 11 -4 26 -21 43 -23 -12.5 16.5 -28.5 33.5 49
tribalfusion.com 26 -1 -9.5 -13 -18 -13 -5.5 4 -1 -1 1.5 -1.5 -8.5 8 9 -1 -8
ups.com -12.5 2.5 1 5.5 6 -2 -3.5 13.5 9.5 -14.5 -14 19.5 -1 -1 -10 -13 13.5
linkwithin.com 11.5 5 -3.5 -11 -20 -15 -11.5 -4.5 2.5 1 -19 31 -2.5 2.5 19 2.5 -14.5
typepad.com -10 -4 2 14 8.5 7 -12.5 2.5 1.5 1 -13.5 18 -1 1 4 -20 -2.5
hp.com -4.5 -1 1 3 4 12 -3 1 -1.5 2 14 -13.5 -1 -1 -5 -21 7.5
telegraph.co.uk 2.5 -1.5 -1 -1 1.5 1 -10.5 -5 -3 10 3.5 -3.5 -12 12.5 -5 -15.5 6.5
google.ch -15 -5 14 12.5 4 -19.5 -10.5 -16.5 -18.5 42 17 -12.5 -8 10 -10 -20 15
xing.com -24.5 1 24 8.5 -13.5 -18.5 -18.5 -19 -14.5 43 4.5 -4 -8.5 10.5 -21.5 -20.5 40.5
gmx.net -19 4 4.5 8.5 -4.5 12 -3.5 -5.5 -7.5 10 1 -1 -13.5 19 -7.5 -21 8
hubpages.com 10.5 1.5 -5 -2 -7 -20.5 -6 10 1.5 -5 -9.5 11.5 -6 6.5 19.5 -21.5 -13
thefreedictionary.com 16 3.5 -8.5 -7 -6.5 -19.5 -11 -4.5 -1 6 -5.5 6.5 -13.5 18.5 -2.5 9 2
angege.com 43.5 -3 -17 -21 -34.5 0 6.5 1 -1 -1.5 26.5 -17.5 -5.5 6 27.5 18 -19.5
orkut.com.br 29.5 12.5 -10.5 -18.5 -26.5 0 -26.5 -28.5 -20 49 32.5 -19.5 -3.5 4 4 12 -4.5
orkut.com 33.5 6 -21 -18 -22 0 -20 -8 -13 30.5 33.5 -20 -14 19.5 6.5 -6.5 -5
tagged.com -3 -3.5 1.5 9.5 9 -12 -3.5 18.5 1.5 -9.5 13.5 -10.5 -5.5 4 17.5 -6.5 -13
nba.com 21 16.5 -11 -20 -25 -21 -16.5 5 18 -12.5 48 -24.5 -13 17.5 -2 7.5 1.5
joomla.org -4.5 11 3.5 -8.5 -21.5 -17 -11.5 -1 -4 8 49 -27 -1 1 -4.5 -23.5 7.5
indeed.com -5.5 2 -2 9 2.5 -25 -17 4.5 9 -8 -14.5 20.5 -7 8.5 6 -18 -6.5
cj.com -19 -1.5 5.5 8.5 10 1 -6 18 2.5 -10.5 -10.5 13.5 3 -5 27.5 -17.5 -17
kaixin001.com -12 48 -19 -25.5 0 0 -6 -7 21 -15.5 -6 7 -13.5 15 -25 14 47.5
china.com -6 26.5 -9 -26 -25.5 0 6.5 -6 19.5 -15.5 9.5 -8 -3 3.5 -24 15 44
target.com -11 6.5 3 -1 -3.5 -4 -6 22.5 15.5 -21.5 -31.5 49 15 -11.5 16.5 -12 -12
washingtonpost.com -2 -4.5 -4 5.5 14 22.5 -13.5 -1 7.5 -2.5 -1 1 -9 10.5 -4.5 -13.5 3.5
sweetim.com 18.5 -7.5 -3.5 -1 -9 -4 9 -4 -1 -1 -4 4.5 4.5 -4 22 20 -17.5
ikea.com -12.5 20 8.5 -15.5 -20 -23.5 -18 -9 -1 11.5 -22 39 -3 3 -3.5 -16.5 2.5
groupon.com -8.5 8 -2 -3.5 -2.5 -3 -12.5 3.5 17 -13 -23.5 43.5 -3 3 -6.5 -12.5 8.5
constantcontact.com -25.5 -8.5 5 19.5 26 19.5 -11.5 -1 11.5 -7 -24.5 43 1.5 -1.5 -12.5 -11.5 17.5
dell.com 1.5 1.5 -1 -2.5 -6.5 10.5 -3.5 4 -5 4 31 -19 -3 3 -4.5 -21 7
match.com -8 -9 -1 11.5 16 24.5 -7 16.5 6 -12.5 -6.5 7.5 -14.5 20.5 15 -16 -11
soundcloud.com 49 17.5 -17 -29 -34.5 -22 -4 2.5 5.5 -5.5 17 -12.5 -24.5 47.5 -1 13.5 -1
samsung.com 8 7 -2.5 -14.5 -18 -13 -1.5 -6.5 -4 9 37 -21 -4 4 -4.5 1.5 5
twitpic.com 25.5 15.5 -7.5 -21.5 -34.5 0 -11.5 -6 6.5 1 -9 10.5 -14 19.5 -5 14 4.5
ezinearticles.com -2 -5.5 -3.5 10 18 7.5 -6 9 -2.5 -3 -9 11 -3.5 4 17 -21 -13.5
usps.com -11.5 -1.5 -2 8.5 19.5 -3.5 -5 22.5 10.5 -19 -19.5 31.5 -3 3 2 -12 -1.5
126.com -3 41.5 -19 -35 0 0 6.5 2 30 -23.5 5 -4.5 -1 1 -28.5 40 49
goal.com 45.5 3 -21 -23.5 -36.5 0 -5.5 -8.5 9.5 -3.5 49 -31.5 -12 16 6.5 15.5 -7.5
digitalpoint.com 18 11.5 -9.5 -17.5 -22.5 -18 -6.5 8 -3 1 49 -25.5 -8 9.5 13 -23 -9
forbes.com 4.5 2 -3.5 -4.5 2 1 -20.5 -6 6 1.5 1 -1 -10 13 -11.5 -16.5 14
seesaa.net -26 -8.5 35.5 49 16.5 0 49 -14.5 6 -11.5 10.5 -8.5 -7.5 8.5 -16.5 -27.5 26
bestbuy.com -1 1 -2 2 -1 -1 -6 21.5 9 -17 1 -1 -1.5 1.5 4.5 -15 -3
xe.com -8 16.5 2.5 -11.5 -16 -20.5 -11.5 -13 -8 20 1 -3.5 -11 14 -9.5 -21.5 14
istockphoto.com -12 12.5 5 -4 -13 -24 -11 -4 4 1.5 -13.5 18.5 -2.5 2.5 -16 -16 25
americanexpress.com -26.5 -2.5 6.5 10 14 23.5 -19.5 -10.5 8.5 4 -10 9 -3 1 -14.5 -13 22
github.com 12 25.5 -7.5 -23 -32.5 0 -10.5 -7.5 -1 8.5 49 -32.5 -13.5 18.5 -9 -21 13.5
pandora.com 21 16 -8.5 -16 -18 -27.5 -14 13.5 23.5 -20.5 -15.5 22.5 -10.5 13.5 -11 27 12.5
pptv.com 7 19 -15.5 -26 -26 0 4 -1 17 -18 1 -1 -10 12.5 -7 38.5 3.5
techcrunch.com 5 16 -1.5 -13.5 -27 -22.5 -19.5 -11 3.5 9 13.5 -10.5 -14 16 -15 -18.5 24
intuit.com -18.5 -4 2.5 15 17.5 -5 -14 13 11 -14.5 -12.5 17 3.5 -3.5 -4 -12 5
shutterstock.com 1.5 15.5 -4 -12 -16.5 -20.5 -12 -4.5 -1 4 -5.5 6 -7 8.5 -9.5 -21 14
huanqiu.com -6.5 32 -13 -26 0 0 6.5 -6 25 -18.5 6 -5.5 -5.5 6 -27.5 13 49
ign.com 49 10.5 -19 -32.5 -34.5 0 11 12.5 8 -16 48.5 -24.5 -16 23 23 11.5 -16.5
888.com 18.5 6.5 -4.5 -14.5 -23.5 -19 6.5 -5 -4.5 6 48.5 -24.5 -12 16 35.5 8 -21.5
weebly.com -1.5 -3.5 1 9 4.5 -19 1.5 13 -2 -5.5 3 -3 2 -2 23 -23 -14.5
att.com -17 -5 2 11.5 19 20 -7.5 22.5 9 -17 -13 17.5 -1 1 2.5 -14 -1.5
justbeenpaid.com -15.5 -23 -4 49 49 49 19 32 -7.5 -12 18 -13.5 14.5 -11 49 -24.5 -36
nih.gov -1 -4.5 -2.5 6 12.5 3 -12.5 -1 -1 1.5 -18.5 29.5 -4.5 5 10 15 -9.5
w3.org 7.5 8.5 -5 -9.5 -13.5 -18.5 -1.5 -5 -4.5 6 43 -23 -6.5 7.5 -6.5 -22 7
xcar.com.cn -17 45.5 -10 -26.5 -25.5 0 4.5 -8 21.5 -18 10.5 -12.5 3.5 -3.5 -25 -7 49
ning.com -7 -2 10.5 5 -9 -21.5 -7 5.5 -5 4.5 5 -4.5 -3.5 3.5 -1 -21 2
usatoday.com -5.5 -4.5 -2.5 8 12 20.5 -13.5 2.5 10 -9 -5 5.5 -9 8 -4.5 -13 6
latimes.com -2 -2 -1.5 5.5 6 -2 -13 4 11 -8.5 -6 7 -10.5 10.5 -4.5 -13.5 3.5
freelancer.com 9 13 -6.5 -16.5 -21 -16.5 -6 1 -3.5 5.5 34.5 -23 -7.5 9 5 -24.5 -2.5
zimbio.com 20 3 -7.5 -10 -14.5 -19 -5.5 4 4 -4.5 -3.5 4 -12 15.5 10 5.5 -9
ebay.com.au -12 -2.5 4.5 7.5 9 1 27.5 -1 -7 1 -7 8 1 -1 13.5 -15 -10
mlb.com 4 1.5 -4.5 1 1 -6 -10 5.5 22.5 -17.5 19.5 -14 -6.5 7.5 -6 -7 7.5
extratorrent.com 48 4 -20 -27 -27 0 -5 6 -5.5 2 49 -31 -18.5 30 43 -1 -23.5
fedex.com -12.5 2.5 1 5.5 6 -2 -11.5 12.5 14 -15 -15 22 -1 1 -13 -13 16
webs.com 16 -5.5 -4.5 1 -2.5 -18 10 14.5 -1.5 -8.5 2 -2 -1.5 1.5 23 2 -16.5
bluehost.com -4.5 3.5 -4 4.5 -1 7.5 -13 5.5 3.5 -5 4 -4 -1 1 13 -20.5 -9
in.com 19 2.5 -14.5 -15.5 -4 2 -13.5 -4.5 -11.5 20 23.5 -16 -13 14.5 -1 -8 2
expedia.com -14 3.5 1.5 7 1 -1 -19.5 -2 11 -3 -18 27.5 -6.5 7 -10 -14.5 11
seomoz.org -1 13.5 1 -10 -19.5 -23 -11.5 -3.5 -1 6 12.5 -10 -6.5 7.5 -13 -18 19.5
mailchimp.com -11 16 7.5 -8.5 -21.5 -24.5 -19.5 -8.5 6 5.5 -9 10.5 -4.5 5 -17.5 -15.5 25.5
abcnews.go.com -5 -6 -2 9 12.5 -3 -13.5 10.5 10 -11 -13 14.5 -5 5.5 2 -13 -1
drudgereport.com -21.5 -13.5 1 19.5 33.5 35.5 -10.5 7.5 10.5 -10.5 37.5 -21.5 5.5 -5 -2.5 -4 2.5
histats.com 27.5 -2 -7 -17.5 -21 0 14 3.5 1 -6 49 -27 8 -7 40.5 -6.5 -22.5
demonoid.me 43 13 -13.5 -28 -33.5 -21 3.5 19 6.5 -15.5 49 -28.5 -17 26.5 49 12 -26.5
viadeo.com -13.5 7 9.5 -1 -9.5 -22.5 -28 -34 -30.5 49 5 -4.5 -5.5 4 -19 8.5 30
hotfile.com 39.5 4 -13.5 -25 -37 0 12 -2.5 1.5 -4 49 -27 -6 7 26.5 17.5 -21
mihanblog.com 42 -2.5 -25 -26.5 -22.5 36 49 2.5 16.5 -26 27.5 -21 -11 14.5 5.5 12 -6.5
amazon.fr -6 4 14 -10 -11 -23.5 -20.5 -30.5 -28 49 4.5 -4 -1 1 -3 11 2.5
warriorplus.com -33.5 -29.5 -1.5 49 49 49 13.5 27.5 -3.5 -14.5 23 -18 4 -6 49 0 -29.5
fotolia.com -15.5 7.5 8 1 -7 -20.5 -10.5 -5.5 -9 15 -3 3 -2.5 3 -11 -20 16.5
rr.com -7.5 -5 -1 7.5 11 19.5 -7.5 17 18 -20.5 -14.5 20 -8 9.5 15 -12 -11.5
drupal.org 7 17.5 -2.5 -18.5 -32.5 -18.5 -10.5 -3 -3.5 8.5 49 -28 -10 12.5 -10.5 -21.5 12.5
livescore.com 35.5 23.5 -26.5 -35.5 -37.5 0 -11.5 -4 5.5 -1 49 -34.5 -16 24 18.5 -1 -15.5
jobrapido.com -2.5 -1 -3.5 7.5 10.5 -16.5 -12 -3 -6.5 11 -10 12.5 -4.5 5 18 -25 -11.5
commentcamarche.net 3 7.5 3.5 -11.5 -16 -22 -16.5 -33.5 -30.5 49 14 -11 -4 4 -4.5 24.5 3
bet365.com 37.5 7.5 -16 -24 -29 -13.5 -11.5 -6.5 -3.5 12 46 -24 -16.5 24.5 25 1 -17.5
delicious.com -4.5 2.5 1 4.5 -4.5 -19 -9 -5 -4 10 10 -8 -3.5 4 2.5 -19.5 -1
newegg.com 15 5.5 -8.5 -8.5 -6.5 -25 4.5 26.5 6.5 -19 43.5 -23.5 -8 9.5 2 21 -3.5
surveymonkey.com -5 1 -1 4 2 1 -12 -2 1.5 3 -20.5 31 -1 -1 -8 -16 8
irctc.co.in 16 14 -22.5 -26.5 -23.5 0 -21.5 -10 -17.5 43.5 49 -30.5 -15 21.5 -6.5 -14 9.5
speedtest.net 22.5 1.5 -7 -13 -12 -17 -2 2.5 -2 -1 49 -32 -5 5.5 13.5 5.5 -11
hdfcbank.com -5.5 31.5 -16.5 -26 -23.5 0 -22 -15.5 -20 49 49 -25.5 -10.5 13.5 -14.5 -32 26.5
zanox.com -2 13.5 5.5 -15.5 -23.5 -19.5 -10 -16 -12 31.5 17 -13 -11.5 15 -3 9 2.5
multiply.com 5.5 1.5 -2 -7.5 -17.5 6 -5 1 9.5 -8 -8.5 10 8 -7 16 -9 -13.5
livingsocial.com -5.5 13.5 -1 -6 -8 -26.5 -19 -2 19 -12 -28 49 -6 6.5 -12 -11.5 17
odesk.com 4 10 -4.5 -9 -14 -19.5 -7 2.5 -1.5 2 10 -8.5 -5.5 6 11 -22 -7.5
bloomberg.com -10 -2 1 5.5 11.5 29 -13 -5.5 1 6.5 23.5 -16 -8.5 10 -9 -17 12.5
softpedia.com 27 3.5 -11 -15.5 -20 -15.5 3 -1 -1.5 1 48.5 -24.5 -9 8 12 1 -10
tmz.com -1.5 8 1 -7 -9.5 -26.5 -9 13.5 17.5 -18.5 -13 17.5 -7.5 8.5 -1 -14.5 2
gsmarena.com 36.5 8 -21 -28.5 -35.5 0 -12.5 -4.5 1 5.5 49 -27 -14.5 20.5 5.5 -7.5 -4.5
battle.net 49 17 -19 -29 -34.5 0 8 16.5 3.5 -13 49 -26.5 -17 26 18.5 15.5 -14.5
bitly.com 2 8 -2 -5.5 -10 -22.5 -12.5 -7 3 5 -12 12.5 -9 11 -6 -19 8.5
blackhatworld.com 24 6.5 -9.5 -18 -23 -19.5 1.5 16.5 -2 -6.5 49 -30.5 -9 10.5 36.5 -21.5 -20.5
irs.gov -18.5 -5.5 -1 14.5 24.5 18 -15 17.5 7.5 -12.5 -14 20 3.5 -3 2.5 -12.5 -1.5
blogspot.ca -1 6.5 -6.5 -3 -9.5 -4 6 7.5 7.5 -12 -23.5 43.5 -2.5 2.5 30 -9.5 -19
jquery.com 19 36.5 -14.5 -34 -40.5 0 -11 -10 -1.5 11 49 -36 -15.5 22.5 -16.5 -23 24.5
cbsnews.com -1 -6 -2 4.5 12.5 21.5 -13 7.5 11.5 -10.5 -5.5 6 -9 8 5 -9 4
yfrog.com 27.5 18.5 -8 -25.5 -34.5 0 -18 -9.5 7 -1 -9 10.5 -15.5 19.5 -4.5 16.5 4
ibm.com 3 11.5 -3 -11.5 -20.5 -15.5 -19.5 -13.5 -4.5 21 40.5 -25 -10.5 13 -18.5 3.5 29.5
zillow.com -24 -4.5 5 14 16 17.5 -12.5 9.5 12 -12.5 -14 16 9 -7.5 -2.5 -9.5 3
verizonwireless.com -9 -8.5 -1 14 15.5 16.5 -6.5 24 11.5 -20 -14 19 1.5 -1.5 5 -10 -4
wix.com 2.5 2.5 -1 -1.5 -5.5 -20 -2.5 3 -2.5 1.5 3 -2.5 -4.5 5 2.5 -20 -1
capitalone.com -18 -3 -1 10 24 17.5 -8.5 27 12.5 -21 -16 23 -4 4 13 -11.5 -10
pch.com -31.5 -29.5 -13.5 44 49 49 10.5 49 -4.5 -26 -27 49 -8 9.5 49 0 -29.5
businessinsider.com 2 10 -3 -8 -13.5 -24.5 -19 -8.5 4.5 7 10 -8.5 -11.5 15.5 -15.5 -15 23.5
engadget.com 15 13 -5.5 -19 -24 -19.5 -11 -1 5 -1.5 49 -26 -14 19.5 -8.5 10 9.5
youm7.com 8.5 -3 -2 -2.5 -8 3.5 -6.5 -20 49 -29.5 -9.5 12 11.5 -9.5 21.5 -13.5 -16.5
allrecipes.com -7 4 -2.5 3 3 -4.5 -4.5 17 14 -19 -34.5 49 6.5 -5.5 30.5 -10.5 -19
abril.com.br 15 20.5 -7 -15.5 -27.5 0 -34.5 -33.5 -23.5 49 17.5 -13 -10 12.5 -10 -17.5 14
ebay.in 28.5 6 -23.5 -28.5 -28 0 -21 -11 -18.5 43 49 -28.5 -15 21.5 -2.5 -12.5 4.5
homedepot.com -23.5 -8.5 4.5 18 22.5 16.5 -4.5 25.5 9.5 -20 -15.5 22.5 9 -7.5 9.5 -8.5 -8
flipkart.com 46 -1 -27.5 -34 -23.5 0 -20 -9.5 -16.5 39 49 -27 -21.5 38 -5 -10.5 7
foxsports.com -12 -7 1.5 10.5 18 19 -15 13.5 15 -15.5 14 -11 -1 1 -2 -12.5 3
naver.jp -27.5 -2.5 37 43 4.5 0 29 -24 11 -9 9 -7.5 -13.5 18.5 -21.5 -28.5 43
snapdeal.com 46 -1 -27.5 -34 -23 0 -12.5 -4 -14.5 28 36 -21 -18.5 29.5 -4 -11 6
neobux.com 28 -12 -11.5 3 17.5 -5 6 13.5 -1 -7 32.5 -19.5 6 -5.5 49 -6 -33.5
java.com 10.5 -2.5 -3 -2.5 -1 -16.5 -1 2.5 -3.5 2.5 11 -9 -1 1 7.5 4.5 -7
sitesell.com -30 -24.5 -4 43 49 49 1.5 15 -6.5 -2.5 -15.5 23 -3 3.5 49 -15.5 -30
imesh.com 25.5 -7.5 -5.5 -8 -18.5 -1 14.5 5 6.5 -12.5 -4.5 5 9 -7.5 29.5 16 -20.5
meetup.com -17 2 4 6 6.5 -1.5 -21 -3.5 8.5 -2 -20 33 -13.5 18.5 -2.5 -14 3.5
123rf.com -1.5 10.5 -1 -6.5 -15 -19.5 -11 -3 -3 6 -6 7 -6.5 7.5 -4.5 -21 7
cbssports.com -1.5 7.5 2.5 -5.5 -12.5 -6 -22 -1 31 -16.5 49 -27.5 -3 3 -7.5 -9.5 9.5
metacafe.com 24 -4 -9.5 -9 -7.5 -14 5 6.5 -1 -4 28.5 -18 -5.5 6 23.5 1 -18.5
feedburner.com 3.5 4 1 -6.5 -15.5 -20.5 -9 2.5 1 1 -8 9.5 3 -2.5 16.5 -19 -13.5
webmd.com -4.5 -3 -4 6 14 23 -6.5 15.5 7 -12.5 -27 49 -3 3.5 15.5 -15.5 -11.5
who.is 11.5 11 -9.5 -17.5 -16 -11 -4 1.5 -7.5 9.5 49 -28.5 -5 5.5 -5 -1.5 5.5
goodreads.com 10.5 -1 -2 -2.5 -4 -23.5 -11.5 3.5 6 -4.5 -27 49 -4.5 5 15 15.5 -13
time.com 8 2.5 -5 -3.5 -5 2 -13 -2 6 -1 -4.5 4.5 -12.5 17 -6.5 -17 6
people.com -4.5 5.5 3.5 -3.5 -10 -27 -13 3 17 -12.5 -30 49 -5 5.5 -2.5 -12 3.5
altervista.org 12 4 1 -10.5 -23.5 -19 -2 -5 -3.5 7 28.5 -20.5 -12 15.5 10.5 -21.5 -7.5
yomiuri.co.jp -32.5 -17 49 49 9 17 34.5 -16.5 4 -5 9 -11 -5 5.5 -23.5 -7 46
hc360.com -7 29.5 -11.5 -18.5 -27 0 9 6 22 -22 -4.5 5 6.5 -5.5 -28.5 -5.5 49
wunderground.com -8 -8.5 -2 9 28.5 22 -1 5 2 -5 -4.5 5 -7 8 4 -10.5 -3
agoda.com -1 9 -2 -13.5 -10 -4.5 -10.5 -8.5 2 5.5 -1.5 1.5 -7 5.5 2 -4.5 -1.5
oracle.com 10 9 -6 -16 -20.5 -15.5 -12.5 -9.5 -5 16.5 49 -27 -10 12.5 -10.5 2 13
gotomeeting.com -30 -17 6 32 47 48.5 -5.5 8.5 2 -5 -8 9.5 3.5 -5 -4 -14.5 5
imagevenue.com 28 9.5 -7 -21.5 -31 0 5.5 3 1.5 -4.5 49 -38 -15.5 22.5 40 5 -23
xda-developers.com 26 16.5 -9.5 -26 -31.5 0 -4.5 1.5 -1 -1.5 49 -36.5 -10.5 13 6.5 4.5 -6
nokia.com 20 3 -9 -15 -24.5 -7.5 -4 -8.5 -4 10.5 39.5 -22 -6 7 1 -5 -1
thesun.co.uk 10.5 5.5 -3 -8.5 -14 -25 -3.5 -1 -2.5 4.5 11 -9 -10 13 -4 -16.5 5.5
nhl.com 14 7.5 -3.5 -6.5 -19.5 -28.5 -1 5.5 24 -20.5 29.5 -18.5 -9.5 11.5 -6 38 2.5
news.com.au -1 -2 1.5 2.5 -1 -1 6.5 -2 -4 4 1 -1 -8 9 -4 -14.5 5.5
icicibank.com -12 28.5 -10.5 -18 -23.5 0 -29 -19.5 -22 49 49 -28 -5 5.5 -12.5 -32 21.5
retailmenot.com 7 20 -3.5 -16.5 -22 -25.5 -13.5 8 15 -13 -20 34 1 -1 9.5 -15 -7.5
coupons.com -20 8 4.5 1 1 -6.5 3 37.5 11 -26.5 -38.5 49 42 -23 40.5 -8.5 -22.5
miniclip.com 29 -11.5 6 -8.5 -28.5 -13.5 14 3.5 -3.5 -2 10.5 -9 26 -17 24.5 1 -19
pogo.com 4 -6.5 -5 1 20 29 17.5 37 -4.5 -18 -17 25.5 -3.5 3.5 34 -17.5 -20
shareasale.com -13 -1.5 3 9 10.5 1.5 -5.5 18.5 2.5 -10.5 -16 23.5 3 -5 26.5 -17 -17
wikihow.com 29 -1 -9.5 -9 -10 -22.5 -5.5 8.5 2.5 -7.5 -8.5 10.5 -9.5 11.5 16 10.5 -13
timeanddate.com -2.5 5.5 -4 -1 -2 5.5 -12 -3 -1 7 -8.5 10 -10.5 13 -9.5 -19 14
monster.com -8 -3 1 10 6.5 -2 -16 14 12.5 -13.5 -17 25.5 -4.5 5 5 -16.5 -3.5
tinypic.com 49 1 -22.5 -30.5 -32 0 14 7.5 3.5 -10.5 22.5 -18 -15 21.5 33 6.5 -21
tradedoubler.com -7 12.5 7.5 -11 -19 -22.5 -15.5 -18 -13.5 38.5 12.5 -10 -12.5 13.5 -1.5 -16 3
elance.com -8.5 8.5 4.5 -4 -9 -22 -14.5 1 1 4 4.5 -4 -4 4 3 -21.5 -1
macys.com -7 7 -4 -2 -1 -1 -14.5 4.5 19.5 -14 -33 49 -5.5 6 6.5 -15 -5
quikr.com 32 1 -22.5 -27 -25 0 -12.5 -4 -13.5 26 37.5 -21.5 -14 19 -6 -10.5 8.5
ancestry.com -17 -18.5 -8 23 49 49 -5 22 -1 -10 -19.5 31.5 -5.5 6.5 16.5 -10.5 -12
mapquest.com -23.5 -18 -1 30.5 45 39 -6 25 7.5 -18 -23.5 44.5 6 -5.5 5 -9.5 -6
mercadolibre.com.mx 20 9 -6.5 -15.5 -28.5 -6.5 -13 -21.5 -9.5 28.5 20.5 -14.5 -3.5 3.5 -2.5 -16.5 4
accuweather.com -12 -8.5 3.5 9 21 22 -11 9 3 -5 -1 1 -3 3.5 -1 -12.5 1
marketwatch.com -14 -6.5 2.5 12 16.5 26 -19 -9.5 5 4.5 14.5 -11.5 -4 4.5 -13.5 -14 20
justin.tv 36 6.5 -14.5 -20.5 -20 -15.5 11 4.5 1.5 -6.5 46 -24 -12.5 13.5 27.5 9 -18.5
xtendmedia.com 49 -1 -18.5 -24 -23 0 -1 -1 -1 1 8 -7 -10.5 13.5 24.5 24.5 -18.5
excite.co.jp -29.5 -9.5 47.5 49 3.5 0 49 -17.5 7 -13.5 1.5 -1.5 -12 15.5 -24.5 -29.5 49
buzzfeed.com 32 14.5 -11.5 -21 -23 -26 -11 4.5 15 -14 -5.5 6.5 -17.5 26.5 -2 25 1
getresponse.com -24.5 -23.5 -1.5 42.5 49 49 9 26.5 -5.5 -10.5 6.5 -6 2.5 -2.5 49 -21 -27
tutsplus.com 29 19.5 -14.5 -26 -31.5 0 -10.5 2.5 1.5 -1 35 -23 -15.5 23 -2 8.5 1.5
ocn.ne.jp -29 -13 49 49 18 0 49 -8.5 -4.5 -11.5 22 -15.5 -10 9.5 -22 -7 40.5
backpage.com -21 -8.5 12 18 13.5 -3 3 34.5 -1 -18 28 -18 -6.5 7.5 13 -16.5 -9.5
sears.com -18.5 -5.5 3 12 19 20 -6.5 26 8.5 -20.5 -20.5 31 8.5 -7 12.5 -12 -9.5
slickdeals.net 9 25.5 -7 -23 -28.5 -24 -4.5 18 16.5 -20.5 -9 7.5 -2 2 6.5 -16 -7
infusionsoft.com -33.5 -22 3.5 42 49 47.5 1 20.5 -3 -8.5 -9.5 12 3 -3 23 -16 -15.5
manta.com -21.5 -13.5 -1 29 34 19 -7 17 8.5 -15 -11.5 14.5 1.5 -1 -10.5 -12 14
clickbank.net -22 -22 -1.5 38.5 49 49 8.5 24.5 -3.5 -11.5 13 -10.5 4.5 -4 49 -22 -28
templatemonster.com 3.5 18.5 -4 -16.5 -30.5 0 -4.5 -1 -3 5.5 40 -22.5 -5.5 6.5 -8 -24 9.5
zynga.com 8.5 -3 1 -1 -9.5 -15.5 18.5 13.5 -2.5 -9 -11.5 11.5 2.5 -2.5 26.5 4 -18
mangareader.net 49 -7 -37.5 -33.5 -35.5 0 3.5 9.5 15 -17 29.5 -18.5 -18.5 29.5 42.5 20 -25
gap.com -5.5 29.5 5.5 -21.5 -30.5 -26.5 -20.5 -1 23.5 -13 -38 49 11 -9 2 -13 -1
moneycontrol.com 4.5 8 -10.5 -12.5 -16 8 -21 -8.5 -16 39 37 -21.5 -7.5 8.5 -9.5 -9.5 13
icbc.com.cn -8.5 32.5 -8.5 -27 -27 0 8 13.5 16 -20.5 1 -1 11.5 -11.5 -21.5 16.5 35
custhelp.com -14.5 -5.5 2 11.5 17 -1 -4 6.5 -1 -2 -6.5 7.5 -2.5 2.5 -1 -15.5 1
disney.go.com -10.5 1.5 23 -9 -22 -25 -4 14.5 7.5 -13 -25.5 49 49 -27 19 -15 -13.5
barnesandnoble.com -5.5 -6 3.5 5 13 -2.5 -14 10.5 8 -9 -25.5 49 3.5 -3 12.5 -13.5 -11.5
masrawy.com 8.5 -1 -2 -9.5 -7 0 -14.5 -20 49 -29.5 -9.5 12 13 -10.5 22 -13.5 -14.5
gamespot.com 49 6 -18 -31.5 -42 0 12.5 11.5 5 -13.5 49 -28.5 -12.5 16.5 34.5 9 -21.5
blackberry.com 5.5 7.5 -3 -10 -18.5 -13 -11.5 -9 -1 7 14.5 -11 -1.5 2 -11 1 14.5
bleacherreport.com 15.5 3 -8.5 -8.5 -7 -1 -14 9 18.5 -15.5 46.5 -26.5 -12 15.5 -1.5 20.5 -1
infolinks.com 18 -1 -8.5 -9 -11.5 -6 4.5 4.5 -2.5 -1 15 -11.5 2.5 -2 37 -5 -21.5
cmbchina.com -20.5 49 -14 -34.5 0 0 1 -11 36.5 -20.5 -7 8.5 -8 9.5 -29 -30 49
shopathome.com -24 -6.5 -1.5 12.5 36.5 38 8 46 4 -26.5 -37 49 24 -16 45 -10 -24
justdial.com 11 12 -17 -19.5 -25.5 0 -14 -10 -17 39.5 31.5 -19.5 -13.5 15.5 -14 -31.5 25
verizon.com -11 -10 -2 16.5 26.5 18 -6.5 19 10 -16.5 -10.5 13 1.5 -3.5 4.5 -11 -3.5
anonym.to 27 7 -8 -18 -31.5 -18.5 12 8 -3 -4 49 -32 -8.5 10 45.5 -22 -23
zappos.com -6.5 12 1.5 -6 -8.5 -26 -20.5 -2.5 18.5 -8.5 -28.5 49 -4.5 4.5 -5 -14 7
namecheap.com 1.5 -5 -5.5 6 10.5 9 2.5 18.5 -2 -8 39.5 -22 -3.5 4 47 -21.5 -23.5
lequipe.fr 7 26 -1 -26.5 -28 -24.5 -20 -34.5 -31.5 49 49 -29.5 -14.5 20.5 -14.5 14.5 19
ndtv.com 7.5 8.5 -12.5 -16.5 -11.5 16 -20.5 -12 -19 45 27 -20.5 -14.5 20.5 -10 -10 14
okcupid.com 37.5 20.5 -15 -22 -24 -27 -12.5 14 17 -17.5 -4.5 4.5 -32 49 8 26 -8.5
dreamstime.com -8 1 1 3.5 7.5 6.5 -11.5 3 -2.5 2 -13 18 -3 3 -1 -19.5 1
smashingmagazine.com 17.5 18.5 -11 -23 -23.5 -19.5 -11 -3 2 2.5 14 -11 -14 19.5 -6 -20.5 8.5
businessweek.com -4.5 -1 -2 6.5 4.5 3.5 -20.5 -12 2 10 2.5 -2.5 -8.5 10.5 -15.5 -18 24
21cn.com -4 40.5 -19.5 -34.5 0 0 3.5 -8.5 27 -18 1 -1 -7.5 9 -27.5 13 49
trulia.com -20.5 -1 2.5 10 9 -5.5 -14 13 12.5 -14 -17.5 26.5 1.5 -1.5 -2 -10.5 3
focus.cn -16 45.5 -8.5 -25 0 0 5 -1 23 -19 1.5 -1.5 1.5 -1.5 -28 -5 49
beemp3.com 49 -8.5 -21.5 -24 -23.5 0 -5.5 -1 1 1 14.5 -11 -17.5 23 24.5 -4 -16.5
priceline.com -15.5 6 -2 8.5 4.5 -3.5 -21.5 2 16.5 -11 -19.5 31.5 -7 8 -6.5 -12.5 6
mysql.com 6 27 -7 -22 -31.5 0 -10.5 -10 -4.5 14.5 49 -36.5 -8.5 10 -11 -22.5 16.5
livestrong.com 2 1.5 -3 -1 1 -1 -12.5 9.5 9 -10 -26 49 -6 6.5 13.5 -14.5 -12
hotels.com -19.5 5.5 7 6.5 -3.5 3.5 -11.5 -7 1 6.5 -14.5 20 -4 4 -9.5 -17 13.5
blog.com 12.5 4 -8 -9.5 -7.5 -13.5 4.5 1 -1 -1 6 -5.5 -3.5 3.5 8 -1 -7
wiktionary.org 25.5 6.5 -8.5 -16.5 -17 -21 -10 -11 -5.5 17 6.5 -5.5 -16 23 -2.5 12 -1
bodybuilding.com 48.5 8.5 -15.5 -19 -28 -24.5 1 14.5 9 -17 35.5 -21 -18 27.5 20 13.5 -15.5
softlayer.com 3.5 8.5 -4 -8 -17.5 -13.5 8.5 -1 -5 1 49 -26 1.5 -1.5 2.5 -23 -1
babycenter.com -17 49 3.5 -29.5 -35 -23.5 -12.5 4 8 -6.5 -34 49 40.5 -22.5 18 -18.5 -12.5
southwest.com -16.5 -2.5 -1 10 16 17 -20.5 4.5 19.5 -13 -22.5 41.5 -2.5 3 -10 -9 13.5
skyrock.com 27 2.5 -5.5 -17 -21.5 -19 -8.5 -21 -20.5 49 3 -3 -7.5 8.5 11 23 -11.5
basecamphq.com -10.5 24.5 3.5 -13.5 -22.5 -25.5 -19.5 -13.5 12 3 -6 7 -5 5.5 -28.5 -14 49
lowes.com -26.5 -8 1.5 21 28.5 15 3 28 8.5 -21.5 -18.5 29 13 -10 16.5 -8 -12.5
onlinedown.net 5 36 -22.5 -34.5 0 0 16.5 1 25 -23 40 -22 -8.5 7 -24.5 35 41.5
cbslocal.com -9.5 -6 -1 10 16 16 -11.5 11 18 -17 -5.5 6.5 -5.5 6.5 -4 -8.5 2.5
inbox.com -20 -25.5 -10.5 33.5 49 49 15.5 32.5 -7.5 -13 -15.5 22.5 -1.5 1.5 31.5 -19 -20.5
filehippo.com 28.5 -9 -12 -6.5 9 -10 5.5 8 -2 -6 44 -26 -6 7 22.5 -1.5 -17.5
cracked.com 49 11.5 -16 -24.5 -29.5 -25.5 5.5 20.5 8 -18 2 -2 -19 30 8.5 23 -8.5
nydailynews.com -1.5 -1.5 -2 5 5.5 -2.5 -14 7 15 -12.5 -9.5 8.5 -9 11 -3 -13.5 4
dmoz.org -3.5 3 4.5 -4 -2.5 -17.5 -1 1.5 -5.5 5.5 33 -20 -1.5 1.5 -1 -22.5 -1
kohls.com -13.5 2 2.5 6 1.5 -5.5 -5 25 13 -21.5 -35 49 26 -17 30 -9 -18.5
lifehacker.com 22.5 11.5 -7.5 -18.5 -19.5 -23 -11.5 3.5 5 -6 18 -13.5 -12.5 16.5 -1 16 -1
careerbuilder.com -10.5 -6.5 1 17 20 -27 -17 17 14.5 -16 -18 27.5 -3.5 4 12.5 -15.5 -9.5
usbank.com -20 -7 4 8 28.5 15 -5 24 13.5 -21.5 -13 18 1 -1 8 -8.5 -6.5
ucoz.com 23.5 -8.5 -9 4 -2.5 -10 6 -4 -1 1.5 20 -14.5 13 -10.5 43 1 -24
overstock.com -9 -1 -1 4 12 -3.5 -13 15.5 14 -16.5 -26.5 49 -3 3 7 -13 -5.5
ccb.com -9 30 -7.5 -25.5 -25.5 0 9 5.5 18 -19 -1 1 11.5 -9 -23.5 16 37.5
sulekha.com 24 5 -20.5 -21.5 -28.5 0 -13.5 -6 -14.5 26.5 26 -17 -14.5 20.5 -5.5 -12 8
woot.com 12.5 19 -7.5 -15 -17 -27 -11 18 19 -21 4 -3.5 -2.5 2.5 -6 -10.5 5
flippa.com 12.5 5.5 -5 -11 -16.5 -21 11.5 19.5 -4.5 -8.5 49 -26.5 -5.5 6 41.5 -20 -22
kayak.com -9.5 15 -4.5 -6.5 -1 -1.5 -27.5 -6.5 16.5 -2.5 -15.5 18.5 -15 22 -12.5 -13 17.5
wired.com 10.5 8 -3.5 -12.5 -14 -25 -11 -1.5 5 -1 15.5 -14.5 -13.5 18.5 -8.5 -14.5 11.5
rottentomatoes.com 28.5 9.5 -10.5 -15.5 -21 -24 -11 2.5 10.5 -7.5 7 -6.5 -20 33 9.5 19.5 -9
ca.gov -14 -7 -1 15.5 23.5 24.5 -14.5 15.5 7.5 -11.5 -12.5 17 -7 8.5 -2.5 -15 4
yellowpages.com -18.5 -13.5 -2.5 24.5 42 19 -1 29.5 6.5 -20 -16 23.5 1 -1 -1 -12.5 -1.5
gizmodo.com 24 13.5 -8.5 -19.5 -21 -24 -11 3 10.5 -8 24 -16 -16 23 -6 18.5 6
foursquare.com 1 19.5 1 -17.5 -26 -21.5 -19 -10 5 6.5 -6 7 -12.5 16 -12.5 -19 16
sfgate.com -6 -2.5 -1.5 6 6.5 -1.5 -20 -1 12 -5 -6.5 7 -12.5 16 -9 -13 12
adscale.de -15.5 -3 15 10 -2.5 -18 5.5 -8 -8.5 13 -1 1 -13 14.5 -8 -21.5 12
realtor.com -17 -4.5 7.5 10 9 -5.5 -6 20.5 11.5 -20.5 -18.5 29.5 10 -8 5 -10.5 -4
td.com -16 -6 4 13 12.5 21 -5 4 17.5 -15 -10 12.5 -1 -1 4 -13 -3
howstuffworks.com 13 -1 -7 -6.5 -3.5 3.5 -5.5 11 5.5 -9 -12 15.5 -5.5 6 11 13 -10
hubspot.com -18 -5 4.5 16.5 17.5 -1 -19 -4.5 3.5 5 -14 19.5 -3 3 -18.5 -14 30.5
nextag.com -12.5 -8 -3 13 27 28 -4.5 14.5 2.5 -9 -11.5 14.5 -2.5 2.5 7.5 -16.5 -5.5
megaupload.com 48.5 2.5 -14.5 -24 -28.5 0 -3 -5.5 -1 2 45.5 -24 -9.5 11.5 29 -1 -20.5
whitepages.com -17.5 -15.5 -3.5 27 38.5 40 -5 22 6.5 -16 -20 34 1.5 -1.5 -1 -10 1
magentocommerce.com -8 25.5 2.5 -16 -33.5 -20.5 -12 -4.5 -4.5 11.5 46 -24 -5 5.5 -19.5 -21 34.5
logmein.com -15 4 14 1 -12.5 -23.5 -9.5 1 -1.5 1.5 49 -27.5 9 -8 -12.5 -15.5 18.5
indianrail.gov.in 32.5 2.5 -25.5 -26.5 -24 0 -21.5 -5 -14 32 49 -30.5 -15 22 -1.5 -13.5 3
1und1.de -28 -12 32.5 31 -2 -18 -4 -2.5 -5.5 9.5 26 -17 -4 2 -13.5 -22.5 21.5
outlook.com 49 -10 -20.5 -20 -25 -21 -22 6.5 3 1 -8.5 10 -12.5 16.5 11 49 -13.5
pastebin.com 49 7.5 -18 -27 -32.5 -19 4 1 -1 -1.5 49 -32.5 -15.5 19 15 7 -12.5
cnbc.com -13 -6.5 1.5 14 13.5 22.5 -12.5 -1 6.5 -2.5 16 -12 -4 4.5 -6.5 -13 8.5
macrumors.com 15 13.5 -3 -19 -20.5 -24 -11.5 -4.5 5.5 -2 29.5 -18.5 -12 15.5 -5 -16.5 6.5
klout.com -9.5 12.5 9 -6 -23 -26.5 -19 1.5 5.5 -1 -23.5 44 3 -2.5 -3.5 -12 4.5
citibank.com -22 -1 8 9.5 12.5 3.5 -20 -4.5 4.5 4.5 -9.5 12 -7 8 -2 -16.5 3.5
last.fm 40.5 7.5 -14.5 -18 -19 -23 -5.5 8 7 -9 6 -5.5 -19 30.5 3.5 14 -4.5
semrush.com -15.5 -4 7.5 13.5 8.5 7 -3.5 4 -4.5 3.5 32 -19.5 2.5 -2 2.5 -20 -1
nate.com -16 -1 35 -2.5 -31.5 0 -11.5 -15.5 13.5 -2 -13.5 14.5 -12.5 13.5 -18.5 11 25
foodnetwork.com -10 2 -1 6.5 2 -5.5 -13.5 12.5 19 -18.5 -34 49 1 -1 22.5 -10 -15.5
sky.com -2.5 -2.5 4.5 1.5 -1.5 -2 4.5 -6 -10.5 13.5 13 -10 -6.5 4.5 2.5 -15 -1.5
dict.cc -3.5 5.5 6 -3.5 -25 -21 -11.5 -12 -8.5 20 -1 1 -18.5 29.5 -17 -19 27.5
europa.eu -9.5 5 7.5 -1 -9 -21.5 -26 -22.5 -13 48.5 3.5 -3 -8 9 -13.5 -18.5 17
hsbc.co.uk -13 15 4.5 -6.5 -16 -2.5 -2.5 -23.5 -16.5 48.5 2.5 -2.5 -8 9 -8 -14 10.5
nationalgeographic.com 9.5 3 -5.5 -6.5 -3.5 4 -10 5.5 5 -5 -10.5 13 -12 16 3 15 -3.5
tripod.com 12.5 -6 -4 1 -2.5 -17.5 -2.5 7 -1.5 -1.5 -7 8 -4.5 4.5 15.5 5.5 -12.5
siteadvisor.com -5.5 -9 -1 12 22 41 3 6 -3 -1 5 -4.5 1 -1 31.5 -21.5 -18.5
pcworld.com 10.5 -1 -6 -4 -1 7 -12 1.5 3 -1 26.5 -17.5 -10.5 13 -1 -19.5 2
theplanet.com 7.5 7 -6.5 -12 -11 -16 6 4.5 -1 -3 32.5 -19.5 -3 1 4 3 -4
williamhill.com 17.5 17.5 -2 -18 -34.5 0 -6 -9 -2 9.5 36.5 -21 -14.5 20 23.5 -15.5 -17.5
tom.com -5.5 28 -11 -20.5 -28.5 0 -6.5 -1.5 22.5 -15.5 1 -1 -6 7 -26.5 15.5 49
ibibo.com 41 -2 -23 -21 -27.5 0 -13.5 -1 -14.5 23 41 -22.5 -14.5 20.5 -1.5 -12 3
gamefaqs.com 49 7.5 -24 -33 -35 0 20.5 20.5 5.5 -21 49 -25 -14.5 20.5 49 14 -28
speedbit.com 17 -10.5 -7.5 -1 17 49 2.5 1 -1 -1.5 32 -19.5 4.5 -6 28.5 11.5 -20
hiapk.com 6 36.5 -25.5 -34 0 0 3.5 -2 27.5 -20.5 49 -25.5 -16 23.5 -25.5 34.5 44.5
picnik.com 21 -7 -1 -1 -9.5 -22 5.5 7 8.5 -12.5 -32 49 18 -13 31 11.5 -20
examiner.com 6 -2 -1.5 1 -2 -2.5 -13 11.5 14 -14.5 -19.5 32 -9 10.5 4.5 -13.5 -5.5
trafficholder.com -2.5 -10.5 -1 16.5 13 19 15 8.5 -2 -6.5 49 -35.5 -7 8 43.5 6.5 -24.5
boston.com 2 2 -6.5 -2.5 6.5 -1.5 -19 -3 10 -2.5 1.5 -1.5 -11.5 15 -7 -12.5 9
grooveshark.com 49 37.5 -22.5 -36.5 -42 0 -15.5 -7.5 4 4.5 1.5 -4.5 -25.5 49 -15 21.5 19.5
brothersoft.com 23.5 -3.5 -8 -9.5 -12.5 -8 4 4.5 -2 -1.5 26.5 -17.5 -2.5 2.5 14 -3.5 -11
avast.com 8.5 -7.5 -2.5 4.5 2.5 -15 -1.5 5 -3.5 1.5 13.5 -10.5 1.5 -1.5 26.5 1.5 -18
stackexchange.com 22 20 -10.5 -23.5 -33.5 -21 -11 -1 1 2.5 46.5 -24 -14 19 -1 -18.5 2
adultadworld.com 23 -1 -10 -10 -14 -10 12.5 7 4.5 -11 49 -29.5 -6.5 7 40 -2.5 -24.5
kicker.de -15 7 13 2.5 -24 -20 -12.5 -15.5 -3.5 19 49 -30 -15 21 -11 -20.5 16
sitemeter.com 11 -1 -1 -9 -4 -18.5 -4.5 -1 3 -1 -7.5 9 6.5 -5.5 46.5 -22.5 -23.5
ziddu.com 46.5 -7.5 -15 -23 -30 0 14 2.5 3.5 -8.5 49 -25 5 -4.5 33.5 12 -23.5
onlinesbi.com 36 2 -25 -26.5 -23.5 0 -21.5 -9.5 -14.5 36 49 -30.5 -17.5 26.5 -1 5 -1
icontact.com -24.5 -15.5 1 28.5 48 49 1.5 16 2.5 -11.5 -10 12.5 -1 -1 14.5 -16.5 -10.5
goo.gl 17 4 -8.5 -11 -9.5 -16 -1 -2.5 -1 2.5 15 -11.5 -5.5 6.5 2 6 -2.5
iconfinder.com 25 30.5 -20 -30 -40.5 0 -12 -5.5 -1 5 49 -25 -14.5 21 -12 -23.5 16
npr.org -1 1 -2 1 4.5 -3 -20 -1 12.5 -5 -15 18 -14 16 -5 -11.5 6.5
itmedia.co.jp -33 -13 49 49 9.5 0 49 -24.5 7.5 -12 36.5 -21 -8 9.5 -29 -31 49
hidemyass.com 37.5 7.5 -16.5 -25 -30 0 2.5 7 -5 1 49 -29.5 -11.5 14.5 13 1 -10.5
earthlink.net -20.5 -20 -5 29 49 49 -11.5 6.5 4 -7 -13 18 -8 6.5 -10 -10 13
paper.li -16.5 -1 10 8 -6 -25 -25.5 -11 1 11.5 -20.5 34.5 -1 -1 -6 -12 8
urbandictionary.com 49 7.5 -15 -23 -28 -24 -5.5 6 6 -9.5 -1 1 -20 34 4 16 -4.5
bearshare.net 15.5 -12 1.5 4 -16 49 17.5 10.5 4 -16.5 -23 42.5 19.5 -14 36 32.5 -26
skycn.com 12.5 31 -25.5 -42.5 0 0 21 4 26.5 -26 22.5 -19 -7 8 -24.5 37 37.5
4chan.org 49 -1.5 -33 -37.5 -43 -25 33 23 2 -20 49 -34 -26 49 46 49 -27
united.com -22 -6 3 16.5 19 -3.5 -26.5 -14.5 13.5 5 -18 24.5 -6.5 7.5 -13.5 -10 20
filefactory.com 45 1 -15.5 -21.5 -25.5 0 4.5 -4 6.5 -5.5 41 -22.5 -9 11 36.5 19 -23
made-in-china.com -8 6.5 1 -1 -2.5 -10 1 3 -1.5 -3 9.5 -8 4.5 -4 -11 -25.5 17
bahn.de -11 2.5 6.5 6.5 -15.5 -20.5 -11.5 -15.5 -12 32 -6.5 7.5 -17 26 -14.5 11 19.5
sxc.hu -4 19 -2.5 -14 -18.5 -22.5 -11.5 -2 1.5 3 -10.5 13.5 -6 6.5 -3 -19 5
hm.com 25 26.5 -11 -28 -33.5 0 -12.5 -11 3 8 -33 49 -12.5 16.5 -5.5 11 5.5
metrolyrics.com 49 -4 -18 -18.5 -23.5 -19 -5.5 8 11.5 -12.5 -18.5 29.5 -14.5 20.5 18.5 6.5 -14.5
eztv.it 37.5 27.5 -12 -36.5 -34.5 0 -10.5 9.5 1.5 -6 32.5 -20 -23 43 49 -18.5 -25
android.com 9 10 -4 -13 -22 -17 -11 -1 1 3 42 -23 -8.5 10.5 -5 5 5
dyndns.org 3 5.5 4 -9 -22 -17.5 -2.5 -4.5 -1 4 40 -22.5 -4 4 -2 6 2
nordstrom.com -3.5 15 -3.5 -9.5 -8 -26 -21.5 -4 26.5 -12.5 -37.5 49 -9 11 -4.5 -15 4
intel.com 15 9 -6.5 -16.5 -21 -16 -2 -4.5 -2.5 6 49 -25 -8.5 10 -6.5 4 7.5
m-w.com 6 -1 -5.5 1 3.5 2 -14 6 8.5 -7 -15.5 22 -11 14.5 -1 14 -1
webmasterworld.com 8 19.5 -8.5 -20 -25 -20.5 -13 -2 -1 5.5 49 -26.5 -10.5 13.5 -8 -21 9
ticketmaster.com 9 8.5 -2.5 -8 -17.5 -27 -13.5 6 27 -19 -14.5 20.5 -11 13.5 -11 26.5 12.5
smh.com.au -6 -2 3 1 2.5 1.5 -2.5 -8.5 -3.5 7.5 3.5 -3 -8 9.5 -6 -16.5 8
opera.com 34 2.5 -13.5 -21 -26 -8.5 5.5 1 1 -2.5 27 -20 -5.5 3.5 5 -2 -4.5
makeuseof.com 22.5 3.5 -8 -11 -16 -20.5 -5 5.5 1 -2 19.5 -14 -12.5 16.5 7.5 -21 -7.5